$ANSIBLE_VAULT;1.1;AES256
38623433313333643466376433636531616666613133393336663437386130623131353365386339
6261656432386535316437323666356137623032336530370a666535386130646661366536356161
39313265616439633033363966653364333338386165386465636666373233633366323464303065
6465373833333663310a643832366234633330623934376539353132653238653733613563663430
63383363323266303033623631666333663538353637643361336334653766613835356361636335
65623662353530383039333531613736346335663563633838393136373265653833666362326639
39356465373835616137373832643638316532346633373739346232303836393936306464383134
66636636616632613164623466646631376562313838323439616232643438653838363765303265
37386530623434353530346465363364613731656531366333616466363739316235323234393964
36303264633265323761336638643530613361343364356230353063636563666435643364363430
61333262323465626261643334373362336139343536303864343764663964643762663737393437
37666534306365363163636363333232333161623061633862373062623839363630323939343061
31313132626335343838353534363561336261376162316131613634353264646636336465363330
39336238373930356266376335343936626138323935343564356334623365313736393130313231
61623264316664636530633434626232386131646365646438316230333439376162346637313739
35326664646666646231633337643236626237343836383433313766636239333032393465333761
61666339636632393062663135666433303439616334326166306263643937383738646364373634
30363839316437323232663137623034376266326639613138343136363233656133663965643036
30316635333162386534616235616665353664336234663336323632666336346566643663616462
66623231356665363564383564653630613666393336383339373562353665633836306366323432
38353038616464323762663931306663363166323638363039336134306161653363383038303230
31366236633937623164623864613639633236623131356133343739653730333930643931633464
32323962396362316635363133383330333830663166363037663530643834613065623835373665
63356238306364373738396333363564346232313361643035366431303739613264346165653638
66356530316438383562313238303530353462373836623061626538363330383436393031623632
62623664626166346563666132383334653836343230353932393536396665313266393236363738
63613232356239623362646335393662646332396161313334613562336331646532363565633862
32303565643137396331
